# k	n	inst	LNF	search	total
1	1	0.00	0.00	0.00	0.00
1	1	0.00	0.00	0.00	0.00
1	1	0.00	0.00	0.00	0.00
1	2	0.02	0.02	0.00	0.07
1	2	0.02	0.03	0.00	0.07
1	2	0.02	0.03	0.00	0.07
1	3	0.05	0.22	0.02	0.39
1	3	0.05	0.21	0.01	0.38
1	3	0.05	0.21	0.02	0.39
1	4	0.09	0.76	0.10	1.25
1	4	0.09	0.76	0.10	1.25
1	4	0.08	0.67	0.07	1.10
1	5	0.13	1.75	0.24	2.78
1	5	0.13	1.71	0.24	2.73
1	5	0.15	2.13	0.31	3.35
1	6	0.21	4.50	0.69	6.95
1	6	0.21	4.48	0.68	6.95
1	6	0.22	4.56	0.68	7.02
1	7	0.31	8.85	1.59	13.74
1	7	0.30	8.41	1.40	12.95
1	7	0.31	8.51	1.40	13.06
1	8	0.46	15.03	2.89	23.28
1	8	0.50	15.11	2.88	23.44
1	8	0.46	15.00	2.92	23.33
1	9	0.69	22.11	5.55	35.48
1	9	0.68	22.20	5.65	35.83
1	9	0.84	25.37	6.07	40.24
1	10	1.95	39.11	9.71	63.21
1	10	2.02	40.68	10.31	66.21
1	10	1.87	40.14	9.77	64.19
2	1	0.12	0.01	0.00	0.59
2	1	0.12	0.01	0.01	0.59
2	1	0.12	0.01	0.00	0.59
2	2	1.06	0.23	0.01	5.42
2	2	1.06	0.23	0.02	5.45
2	2	1.05	0.23	0.01	5.39
2	3	5.01	1.77	0.20	16.68
2	3	4.77	1.81	0.19	16.36
2	3	4.89	1.75	0.20	16.41
2	4	33.84	7.03	1.25	63.37
2	4	33.76	7.04	1.24	63.34
2	4	33.89	7.03	1.25	63.56
2	5	161.70	18.50	4.77	223.35
2	5	160.86	16.76	4.26	220.62
2	5	161.62	19.00	4.78	224.22
2	6	UNSAT

...

3	1	UNSAT
3	1	UNSAT
3	1	UNSAT

...

