1	1	0.00	0.00	0.00
1	1	0.00	0.00	0.00
1	1	0.00	0.00	0.00
1	2	0.02	0.01	0.03
1	2	0.02	0.00	0.03
1	2	0.02	0.00	0.03
1	3	0.04	0.03	0.14
1	3	0.05	0.02	0.13
1	3	0.04	0.02	0.13
1	4	0.09	0.11	0.41
1	4	0.08	0.10	0.40
1	4	0.09	0.11	0.41
1	5	0.13	0.32	1.02
1	5	0.13	0.33	1.02
1	5	0.13	0.32	1.01
1	6	0.19	0.90	2.32
1	6	0.20	0.91	2.35
1	6	0.20	0.90	2.32
1	7	0.28	8.06	10.66
1	7	0.30	8.53	11.22
1	7	0.30	8.58	11.26
1	8	0.41	17.55	22.16
1	8	0.39	17.72	22.25
1	8	0.39	17.67	22.21
1	9	0.56	29.70	37.27
1	9	0.65	31.01	38.50
1	9	0.68	32.73	40.36
1	10	1.44	44.45	55.96
1	10	1.33	58.29	70.35
1	10	1.28	44.84	56.08
2	1	0.11	0.00	0.12
2	1	0.11	0.00	0.11
2	1	0.11	0.00	0.12
2	2	0.96	0.06	1.10
2	2	0.94	0.05	1.09
2	2	0.95	0.06	1.10
2	3	4.11	0.56	5.39
2	3	4.22	0.55	5.35
2	3	4.22	0.55	5.35
2	4	33.61	2.69	38.05
2	4	32.84	2.81	37.60
2	4	25.06	2.68	29.51
2	5	158.43	7.63	171.13
2	5	159.32	7.60	172.01
2	5	159.42	7.61	172.08
2	6	741.99	46.06	798.76
2	6	687.80	45.67	744.13
2	6	722.10	47.97	781.03
2	7	UNSAT
2	7	UNSAT
2	7	UNSAT
2	8	UNSAT
2	8	UNSAT

...

3	1	UNSAT
3	1	UNSAT
3	1	UNSAT
3	2	UNSAT

...


